0.27576931437053187
0.2683852133768202
-0.06115452905773153
0.10933570930860825
0.29902658251624015
0.219788746668227
-0.13051810446409928
0.22984576265016576
-0.06033882265253837
0.3409179633147319
-0.5490019028116864
-0.564439475930266
-0.3313486307284433
0.12765616391172757
-0.0824686068190438
0.006916890558929245
0.2646614675602549
0.38447220415997896
0.37190492616122217
0.7022980573383071
0.6820382894625556
0.7160227327120193
0.9015675113497174
0.9729736937075505
0.9258359531151353
0.8016085290791021
1.0075646118980117
0.5533075483466241
0.410261503392334
0.28957106351942863
0.3347706513374401
0.6820536938255188
0.45987408644497607
0.5217839412963485
0.5597682283437864
0.2898357393406571
0.629637075617909
0.48475795960527934
0.5061125680924565
0.5375734140720708
0.6809708742969622
0.9395649903176363
0.6808279910373047
0.4320007728762666
0.3992432345699005
0.14416753105412533
0.5126960174072056
0.7653216413831562
0.7125451191440215
0.5593182715567979
0.4281502905302924
0.35734566952075764
0.013025135355753115
0.3779441357365293
0.17903140507892923
0.3540271779219525
0.415004396106484
0.127948349142823
0.8192501311966981
0.5876791246834574
0.714922260972216
0.11328907433057189
0.0975023502382838
0.10575830100828953
0.34842311479865906
-0.06695512378055807
0.17208483441034805
-0.2598593593153525
-0.6014291161677743
-0.30731001368857247
0.14234221598577285
-0.36065199384128355
-0.03269532410509168
-0.006385102968486267
0.5563660022490018
-0.1449834824502632
0.21353335314915334
0.6048684679447064
0.8289602044521954
0.7303685322013819
0.6721958185005245
0.8946633411987795
0.95529960359804
0.6076295755093081
0.8434848043258237
0.9959509806126924
1.1619201895403553
1.0450381884159885
1.0638515476705939
1.101303390358392
1.2460636123632978
1.0446986611917155
0.8257201728383675
0.8302177179365965
0.27856177951258765
0.4204170233099239
0.622268619256072
0.8494655391992804
0.8522180936547828
0.7152327315813096
0.7482803822075778
0.6805670156951333
0.8409327736094224
0.6788270562847674
0.7887316869312154
1.0882944641208376
1.2457272447081063
1.1009460320159086
1.0935735590947364
0.9045531794691174
0.9110708991703232
0.8235148644062936
0.9248479627127181
-0.011924727854541073
-0.34554733995590714
-0.34853113908658556
-0.36443128232020117
-0.22521696616871845
-0.1366244484739221
0.03770569087558728
0.22564885817236024
-0.10849692981063613
-0.28241117336522736
0.19419583638660037
-0.013977196699626881
0.13571786220717746
0.3738499084184348
0.6065672483015021
0.8182712295423181
0.43456171046119063
0.93643097855927
1.2549816425282505
1.2070399079502572
1.1060355946780502
1.2148668648302308
1.2677108983363152
0.840484359754056
0.8178971484134626
1.0848647087883818
0.6374910471078093
0.8268063386011183
-0.95845272576389
-1.3785799265028476
0.1607031260726941
0.6269856423400998
-1.241958769326457
0.41970344303618023
0.10857160510843794
0.5494149866430807
-2.1039515711290555
-2.725826426797262
-1.5014019919117136
-0.9188690612194934
-1.804316423945378
-1.7288570381455486
-2.514446076036039
-2.311953097744696
-2.18111845898961
-2.018112228320868
-2.3176765162682043
-4.336338866986579
-2.3945691196089545
-0.6738355449637528
-0.1858530613404714
-0.29485415861028463
0.06761396545624676
0.5543015098321233
0.4658418323996547
0.6816730202715547
0.7399047961472002
0.9235558188828444
0.8117921434281995
0.3353544505877153
1.0022370911339449
0.985825516587531
0.9448680756582853
1.0441381918279546
1.1847443442132177
0.641944871202817
1.0306437149677188
0.6476656312790202
1.1245735568472974
1.044126290365583
0.0836876257085491
0.639606528568892
0.7110493921681945
0.850965205870004
0.1357333349622093
0.5298422882353313
0.43727722824559734
0.596782106004409
0.896774503637766
0.7446155195886738
0.4164783545948014
0.5905702976350234
0.14739919069089558
0.0921847712740117
0.16664920849973203
-1.0574596247262462
-0.11027588309968925
-0.3225244574975587
-0.021491495177941078
0.24968998308715684
-0.31672947600027346
-0.5873381350578015
0.1500366059885178
-0.12193409944941555
-0.21008116065516305
-0.5180895028767851
-1.0639984886728067
-2.7055955872696438
-1.5244449949423458
-0.4338314717848426
0.05456149097482166
-0.2718077741041257
0.22628870864252681
0.3881303944879385
0.2550926853038239
0.3755042087937136
0.28292729502420044
0.5894799148789578
0.7916120386500146
-0.28162237905650844
-2.0571910756036194
-0.8783521324517043
0.20094449714203927
0.029124508025062057
0.6994730057597235
0.5256826040236758
0.010795519205618276
-0.18607783949650514
-0.9770231060342957
-2.004751568123404
-1.9666253919210774
-1.2828757493938876
-0.7601642624434425
-0.5500910324562063
-0.27622525736973813
-0.2798657889958624
-0.03926292064838052
0.23076790866142294
0.41586208142630654
-0.7899655192563131
-1.9889883382856102
-2.169433136157532
-1.6180125442899418
-1.0059659794109561
-0.4396406697971226
-0.7742122254469919
-0.28125424087685647
0.1834427621593192
0.4688494171351051
-0.02758151572890033
0.2512492560101155
-0.9793852712284249
-0.25538943592887636
0.27984237665501177
0.38480188888279565
-0.5135403613899248
-0.05026715631752446
0.09326367963276816
0.25862248700840407
0.7649553137027375
0.2635793922635611
0.0405083739789478
0.8483024450565374
1.0234057284036853
0.47229499969956346
0.3498712559887571
-0.3655968890441795
0.34808508523041803
-0.4770013770970738
-0.08820144660590418
-0.22824795389465372
-0.41080986850456747
-0.7119657039456588
-0.08866297770961343
-0.7374815926243717
-0.8011943824996813
-1.0844697100699277
-0.5192657263776514
-0.9690997153111546
-0.8120551154917699
-0.9967897018111727
-0.6017125266606863
-1.1476129438202434
-0.41125991395727635
-0.08418986183281846
-0.04481261701046413
-1.479505879301675
-0.332629460910215
-0.7151359728490887
0.211516287967772
0.4161151412990366
-0.14005104865064746
0.16498534092445855
0.07750023603912376
0.5622578158751773
0.6373910605204544
0.7462587051238608
0.4010608809339121
0.618410373721229
0.05551908665016814
-0.7127647548333813
-1.522298407019946
-2.3348642035529785
-1.3586043475143117
-2.372525547834314
0.0038938369141880425
-2.302178276482366
-1.4987643249689935
-0.3064665700763479
-0.5165803243734687
-0.16345109494705534
0.29880720580528963
0.14485798120344717
0.5258670721291985
0.5301887448687057
0.4243588147906754
0.2918058887684637
0.2283488850074985
0.40838850241825675
0.6482382796793714
0.861168441396082
1.3189797885871024
0.2526865514467421
-2.1826208625409573
-0.5143910477586822
-0.1586340689120793
-2.72035150512714
-0.4885876523138154
0.06270336279470251
0.2400510339153099
0.17127777589554855
-0.23016612745322662
-0.3736310130262618
0.009188722165595242
0.1976734262109079
0.2420132019907747
0.19586650768827613
-0.017718888660118948
-0.22212215892352913
0.4935811832366087
0.6241159637968506
0.2921604381110219
0.5878393929969568
0.6915928476195115
0.4803087769594403
0.29109656842621146
0.19513702481652712
0.27634004567135606
0.005562655816910178
0.22548845976937393
0.5765302757696479
-0.532877406513816
-0.5967987984264919
-0.11674704713646966
-0.6793008290567533
-0.31203735378163744
0.7301503748547807
0.845002780970426
-0.46625877749423533
0.10396615466379006
0.44986961681452875
0.202859726892
0.7076887244311607
0.5230178090243485
0.32147819130596156
-0.1250332028770962
0.7192650660792451
1.6490458045616885
0.20056818764250656
0.5020798801802919
0.7128247563076767
0.8016319200485841
0.9305272078381509
0.6412878201490794
0.9123552161659599
0.7112674341139792
0.025016879094026556
-0.31165024954296716
0.13731790783919207
0.4684670269198976
0.5884927717426821
0.627537889209932
0.03939473657783271
0.4707778226923339
0.9389988967915716
0.4855296411280515
0.6432886878883888
0.6209121970753968
0.32948870157485244
0.4716888455255617
0.34059077393271586
0.5383888616132763
-0.35702514239195005
0.19304971696875828
0.5610962037384637
0.5706911398776884
0.4528807499478398
-0.04915718004863323
-0.8383695622333325
-0.35862764585227513
0.16350101383152743
0.5914399674202607
-0.3139494298781496
0.0357637492427067
-0.030151873168318855
-0.36667577006295254
-1.7589874316320473
-1.749397836580731
-0.5818862189708742
-0.2324680519437708
0.284913511976463
0.06780404415124047
-0.5967463641889467
-0.5855937048818658
-0.1988803832939926
-0.24167462744456908
-1.7122799867977605
-0.5186777368698047
0.052327225713446834
-0.06504475985599992
-1.2266025203286384
-1.3652101779007433
-1.3079672473644193
-1.1681092900134602
-0.6689567660967353
-1.0624122635422797
-1.9533291142034614
-2.215878180557092
-2.3077628946973903
-2.022933434606299
-0.8096747773667424
-0.48293496058741986
-0.14885265220856866
-0.4551935010373627
-0.4520297467273342
-1.0950435929855016
-0.6963721632184363
-0.11157426892491931
-0.8558440825253003
-0.7218620043302191
-0.4545328733691747
-0.0823651984646632
0.3222770854570757
0.05609213272163016
-0.6708649324721057
-0.3797535874086004
0.09770727007983449
0.4233085288266868
0.284251549430802
0.3610350975650273
0.3846171793451222
0.4228771593447386
0.38925872695108543
0.23842150064049694
0.5226700844932729
0.5258976093460763
0.2451745543769206
-1.0610722787684168
-1.8479707334436446
-1.4074814852224926
-1.372730487469811
-1.7133539292639046
-1.3019899191941997
-0.33470670982723216
-1.0120368237700545
-0.7537659242134898
-0.7787531247879264
-0.6773801832579548
-2.395354401226688
-1.3891178106438788
-0.7454372358421741
-0.3815940030863852
-0.4100324907244629
-1.4666230817443924
-1.6920266016643835
-1.228881680467981
-1.9609022237425133
-2.2904320409393715
-1.493809662756278
-2.6552563930026585
-3.273311931584011
-1.4427564883626016
0.030246786572600826
0.09927689955286173
-0.14888601596371412
-0.3687653961239295
0.13094183793761016
-0.2288484102542976
-0.12459184775174734
0.3432600970278916
0.5053910241700992
0.5270379964976711
0.649640524400575
0.45315231889451324
0.6790634993193733
0.5247791317991921
0.43039815725584374
0.39818902092727915
-0.048061484484336225
-1.4956898237805123
-1.11102750420046
-0.6840691680842542
-0.3176740571388239
-0.286279006973812
-1.4212339794464968
-1.0415674952436227
0.24252879339728461
-0.42276922729805666
0.3885739394021278
0.6473127850484639
-0.4041540853160407
0.5572523293077412
0.5542086817722145
0.916672670774051
1.090816932192607
0.8374164893740553
0.8559279267170791
0.6566699117633461
0.7131411782688125
0.4198216708579351
-0.13170056490052287
-1.6963562871401199
-1.0676933357240537
0.11751774848464747
0.6511237755456305
-1.2112161886607418
-0.9148111649018399
-0.46395952908578775
0.06926052500935964
0.3044921998091378
0.3519396395688923
-1.4792433948844703
-2.4975177616435693
-0.4275885033797787
-1.6366707017384328
-0.9492052556014707
-1.7855675919390737
-3.165225794548559
-1.1175382389187414
-0.6382535763858058
-1.168768610634444
-0.20227062984729885
0.3773263249290678
0.35600336699862656
-0.0661525106398482
0.37638521023044447
0.30186550434087667
-1.2096378975303628
-0.329667463375914
-0.10503023237465878
-0.16595349963243447
-0.5258481952782101
-2.037410976104092
-3.3037471687996707
-2.2421387122978547
-1.7683455572824442
-1.0303652617155308
-0.468512839539293
-0.48328594171483635
-2.1421224149265967
-1.4984305349430667
-0.397214294099889
-0.12139157383511318
0.06633320216221239
0.4435176672673029
-0.2244703023448845
-1.0745994704288022
-1.221856384703309
0.0947317745735049
0.5483063451393279
0.2643794362576585
0.4259672439209755
0.13732154764023158
0.4093584371093587
0.05458809966193651
0.06193512608229845
-0.16354496176778674
-0.34936925371289457
-1.5744494389288715
-2.4244662668225536
-4.0922165630675
-2.7538600260062998
-1.3683194317176577
-1.1716589705801925
-2.189120121728768
-2.6148690806888504
-1.2902996907245594
-1.997646606135178
-3.1307672486847755
-2.0812864170951535
-2.5660046078158367
-2.2889439005609
-0.32892575732160995
-0.937461818162163
-0.7691162465442029
-0.5053091107084298
-1.0454551612472947
0.07050391589697275
-0.2022945171990198
0.22637710504270514
0.663078269088787
0.656128058584271
-0.008099607224855365
-0.5143374335656339
-1.3023999350859206
-0.6726355812722078
-0.21247507537500107
-0.002031795622989996
-0.14218566695213009
-0.4981004455024109
-1.2268846210811717
-2.619366660461354
-1.3660936744979666
-1.453007354485723
-1.3575364316566256
-0.9959177016187829
-1.3683497933494624
-2.489434636276862
-3.5801163397499267
-1.5909932633040076
-1.1181910194352858
-0.8237296084109279
-1.8894152387787955
-1.3976973287342243
-2.138389318723555
-2.0331033526378612
-2.2509216561079417
-1.15796908762247
-1.2465965234734429
-1.807740354394035
-1.782340926062087
-2.380128120842289
-1.008133363800932
-0.37529701336317034
0.08051755198854249
0.04004113664937198
0.032875063832283224
-0.01920777093137943
0.13467478301039304
-0.15312796816059956
0.024710929081172395
-0.7608378072902051
-2.6995100493096253
-1.9431554127539035
-0.9414434050256058
-1.3687533412613941
-0.8739405464991135
-0.9455470750159111
-0.31813625921649796
-1.1620077353495188
-0.8715430055758431
-1.198546309444342
-1.8680924158225078
-2.804387585012647
-2.77782250749756
-2.254230495089514
-1.0482407498234552
-0.7205621099242652
-0.208730940892635
-0.22494718930091243
-0.18338052610480254
0.007987595778750467
-0.621585719895807
-0.2403844212869264
-0.23112719894868258
0.2761167365090589
-0.09119079149531756
0.3923521844439345
-0.29586328525935257
0.24504590047842323
0.28859088490393947
-0.23443049701264967
0.061156398682087776
0.16024019512897592
0.2788713723068378
-0.5910855477145127
-0.3007210876987195
0.09070566364209282
0.2472497691742761
0.3769019388482122
0.38681355673537543
0.00708891599618483
-0.36198845410459973
-0.6735314213920367
-0.5414711075419786
-0.37900588089564
-0.37488467173090967
0.21198784982898367
0.3856056330467551
-0.277253239950966
-0.3005768430169122
-1.9788830573183147
-0.31818432242778066
-0.546919107364207
0.19262271683602755
0.07881255431062095
-0.020801810173623925
-0.6600569162940411
-0.7360448001047265
-0.9524694133084091
-0.3592095052719195
-0.5158561912952546
-0.30508121661473586
0.03881456432289393
0.2570571827599175
0.2946673115494264
0.14383782918084131
0.21888471033288281
0.09632774591540921
0.13342440621663154
-0.07207591596088342
0.13214327695932776
0.1336025614365447
0.21518888773015443
-0.015214405661802377
-0.4523318976184383
-0.0029775617573590263
0.24385731949521283
-0.03269890404855835
-0.0670090639133201
-0.25582969934979605
0.1591989574123132
-0.37556029857421425
-0.11578669450517182
0.12564350899878995
-0.05157568982278993
-0.9346690582987486
-0.616837735179637
-0.46407096088780864
-0.20570356854629684
-0.21258736071038303
-0.04185377511588001
-0.25517640537511727
-0.24761153748560003
-0.25570963237878475
-0.6788590479730405
-0.8304387644895564
-0.5437030523146269
-1.3303795472924373
-0.3169536489335233
0.33216293029428867
0.38851616954811763
-0.282170867787827
-0.6866852404423412
-1.522975728957754
-0.5771459610326694
-0.3067601134500335
-0.23823775799549504
-0.33894846431098974
-0.024968593792397797
-0.5066522065660886
-1.8545303396344104
-1.9013305932457145
-0.6818083722882596
-0.05442191035963331
-0.175093392318488
0.27850761686078573
-0.0032179241549332716
-0.34739821189058734
-0.3661153219227594
-0.19417165707293088
-0.023570522629976942
-0.07810032749087292
-0.6646135409555702
-1.2925151216915105
-0.42952350098005937
-0.5465850260350431
-0.20298264188240905
-0.23589085584855318
-0.5832101866138526
-0.3104815284274641
-0.29975544060983556
-2.1414694186115173
-2.4825541169342475
-1.7981026614878601
-0.2787479971847316
-0.16907543398226907
-0.5610497779408535
0.08718558101078633
0.2107251503047845
0.27761272697608486
0.0042687473629894335
-0.47352801432325564
-0.7213552616493235
-0.3873524859271251
-0.8471213421609788
-2.3594585729930007
-1.82024658873656
-1.4056156974456688
-1.4971239411052282
-1.7606162252575506
-2.969007505614067
-2.0975503814412297
-2.481949552103117
-3.156226075552983
-1.4880731480045952
-0.7686114051163888
0.09120971714929299
-0.000934752150514695
0.1903926000979519
0.14562532907265152
0.05082900769345433
-0.8925097428586567
-0.8311440685591768
-0.2614969821885708
-0.24501195985999008
-0.7273212464680763
-1.9784081917046947
-1.454490508133476
-0.2570300719056899
-0.08891746594995756
0.4286904707248488
0.3323613570644507
0.10955613430262906
0.3851462485776487
0.5483510703413556
0.6840658015022366
0.6349236141360797
0.26943728012671353
0.46866845649478184
0.5683581521052927
0.7034237744804258
-0.005840684688801334
0.2885968456169642
0.302094270709256
0.38087971627319994
0.2858992564888013
0.21400482612648963
0.012059609432435336
0.3905982640215323
0.3922181338559121
0.15445779521115088
0.5514845148260494
-0.07724517980421483
0.1501778319739827
0.06515715113657994
-0.12378907866111633
0.23013198650798283
0.5367507145061993
0.552797650135353
0.09189994963609804
-0.38957497657951845
-0.33848984665926224
-0.798689494820572
-2.073856748754091
-3.2074660079669597
-1.4298356580491878
-1.2976758529562087
-2.8397741596514137
-3.8048858147761404
-1.195130792682523
-0.15701115986204645
-0.42556914582488803
-0.1941449148843062
0.15522651029504403
0.06135051087062604
0.14202791242823626
-0.9312506303663908
-0.8771193887116079
-0.39335780142323534
-0.18790367954350135
-0.32491908485688636
-0.24434790583420746
-0.8859229406642006
-0.19669190755118066
-0.06320950353982041
-0.8260236604583169
-2.070378183531957
-1.0536868443914562
0.16650426180816452
-0.06413424070862586
0.011434661724845474
0.21742023845749003
0.560620223797832
-0.19972020993089512
-1.2545024278558485
-0.756864619661747
-0.16684684850545745
-1.1723334721292702
-0.34691381481527006
0.04654311163646252
-0.19954474391767393
0.1829780383602958
0.03317616503318638
0.06078579366245079
0.24737263515816388
0.20629917404685771
0.1423191503646674
-0.12389459747288073
0.2316720465863249
-0.19163229226454792
-0.011344666679192095
-0.21366090241841582
-0.03880627196387809
0.048178697858390684
-1.2602516016569623
-2.386430306114772
-2.7929856801260384
-1.0992566758994782
-1.7008210549266947
-0.4445379793100442
-0.4744571305945041
0.03295780750587385
-0.11649617974292784
0.04147030641461208
-0.2861955400418194
-0.04273618320952208
-0.1287243741282163
-0.0008789161399151979
-0.9249634062554409
-0.49708894128481007
-0.5232225260828551
-1.185122890522336
-2.6490335046667766
-1.2244901699440778
-0.45818332200316836
-0.8979251923611661
-0.6591921280838964
-2.0307295505558
-2.4534486017600767
-1.6692035607686475
-0.45226505004278383
-0.5725269280217192
-0.21712084955755667
-0.6318332970176559
-0.6629458311706486
-0.43088466124195207
-0.23475353248160355
0.08392376303797078
0.1259172060018673
-1.2262067766738785
-0.5795120549595907
0.053608244203229405
0.02402776411458546
0.17661411413314754
-0.3137325873015502
-0.7049961934788918
-0.9591503939505581
-1.1301418504841942
-0.9893270219620524
-0.7434892946055647
-0.5047103244824092
-0.7594840212840579
-0.3467408946671566
-0.31315298028612903
0.23447399236675992
0.6005397756234612
0.4355157003590102
0.5771389417034354
0.4587178390450527
0.6600072304382505
0.4604733704825381
-0.11075737196992988
-0.23027024051709238
-0.19319946593990228
-0.820490307966921
-0.1127188477307644
-0.2582333826607936
-0.11427507206010312
0.2963073399087417
0.16959741487669933
-1.1367696324914136
-1.942401289607231
-0.18442486917350656
-1.1919459162266886
-1.418384180601847
-0.6196456207206413
-1.1678420789557569
-0.9894479212196147
-0.32931862510484594
-0.28023371427195104
-0.4993406031366047
-0.9600707639768903
-1.3645625682919689
-0.8972237165583079
-2.152835225724297
-3.122926506582743
-2.08203110084934
-0.3256296244819195
0.07304443524216597
-0.14998807609524598
0.014636199638945635
0.17147512370194634
0.36539915145777324
0.2454556830484469
-0.20826909070694483
-1.3905011778118532
-0.28578869963535547
0.0652833592647854
-0.0025476083321728793
-0.12425493001236931
-0.9091532498740033
-0.4490582080125556
-0.47421666445640587
-0.00045748690360447597
0.22704998698018153
-0.015177357853732198
0.3207080974937341
0.1497706052186188
0.14949351697170854
-0.2622348058478286
-0.9056142927844257
-0.6822957926020308
-0.8924320836167341
-0.08901658732678494
-0.09096248064014784
0.33827192258776195
-0.09056970843818452
0.3384524857872566
0.611623977777096
0.7552301192333996
0.60757148914547
0.5915331367339777
0.9496968955928758
-0.509121382392384
0.4660134826332706
0.36315933916248244
0.4653251849482186
0.17474520705122237
-0.08088293423884904
0.37321863189680793
0.03893769414896331
-0.19318033365667947
-0.4494144949691528
-0.07937853463448094
-2.396224492044517
-1.6341657841767638
-0.2558600672208107
-0.31530762285081443
0.031688287460705344
0.22220054700983038
0.49437236547479047
-0.7690081142033593
-2.771179156622058
-1.2938995652503809
-1.623846521119137
-1.8835056956764347
-0.7336858896559288
0.02568320006960434
0.3123979194780513
0.22700115763989093
0.041992820469335446
-0.6427517374860904
-0.1993532423673232
0.07373955638280666
0.017751444843624842
0.15712985328148832
0.3311571316639995
0.5416555890230166
0.2663965364102755
-0.35902093960775916
0.14134674092155397
-0.9229691198962169
-0.18690979245244987
0.08146631893377215
-0.1664955866846569
-0.9065627014940539
0.10776606790115295
0.2525541816707132
0.07311811096295684
-0.6607393426556828
-1.2005844918826052
0.14929016959818386
0.6998550845500258
-0.22912722321084864
-0.6267439385234387
0.09212451808242661
0.39678301581636266
0.5711054985729477
0.38882070133053237
-0.5333952969675826
-0.2490186064356397
-0.11283116466437978
-0.06471390834244017
-1.706999806132695
-0.36231769357675314
-0.3929720219476936
0.12028514845827343
-0.060249462355886574
-0.4387299851971391
-1.4274609250831083
-0.2565846372834753
0.371678537575737
0.4153001682406108
0.3177441916055008
0.514954029752962
0.988143628772428
-0.06063834529819004
0.24587391792856483
-0.3911532201325601
0.2046729586757694
-0.22660693625799186
0.7988667413315426
0.4741178061684833
-0.5062738037636314
0.02481392685811784
0.10576868496376746
-0.06612592891032198
0.16024869819467086
-0.3587834797100059
0.6238192496523993
0.856156846571141
-0.0740081290574654
-0.6889659956193486
-0.9615860944410703
-1.2799702512094209
-0.8465768366588171
-0.864330277581199
-0.31485152948497364
-0.15908986685028248
0.02188105935255047
-0.07037929901057824
-0.02435108103979372
-0.634998560673607
0.1207275527097798
-0.07799999479714428
-0.3892071214513326
0.14099308268452992
-0.2426937092289397
0.3819598466526577
-0.07183694280710981
0.29052520354567424
-0.46652912871976127
-0.7705461793054644
-0.18482626497582144
-0.12054037523882574
-0.11388258016532524
-0.40033030158689165
-0.7672007352905628
-0.43940888246506177
0.06793159200930005
0.19830225725914263
0.4534947794331371
0.3582337017904639
0.12357209080861964
0.36980058783621483
0.45450830253548247
0.8152972948845568
0.7639408469450443
0.6112890851559296
-0.7713181086271096
-0.038501102686713556
-0.6111087521881483
-0.2940250670734867
0.1511861262682459
0.2827669124246832
-0.20230876819248994
-0.9785861079449745
-1.7391756972585846
-1.0008084082256734
-0.21924824753329392
-0.3124496320382688
-0.1385771950356558
0.0021296842794118476
-0.47595833898007295
-0.5019313395000704
-0.3362572253061574
-0.09489384086538949
-0.07061897876234263
0.2486067607202288
0.08941261655932109
0.7079104062374875
0.8450951250021553
0.7526170387479277
0.8540014709217248
-0.1843781813876592
-0.4473122600175343
-0.35277675718059553
0.06433110934500968
-0.35637393404410067
0.1448090446473428
0.5543335176694298
0.8062247750958266
0.9107794238127692
0.924369238106144
0.9883383218940865
0.47143605362060825
0.884155575623741
0.9004761427136977
0.702165433554455
0.5992870710529737
0.5551503277624765
0.26505720058932414
0.32081771817121585
0.5350868412694554
-0.19989603889097035
-0.20211700864781912
0.04379325815414242
-0.4363340698994892
-0.5080835183033776
-0.5508012645870122
-0.23703334426330064
-0.9345533231966445
-0.37044989251080873
-0.08597713160108261
0.1829169794302153
0.10392855814308577
-0.24534848263299963
-0.15787929355594157
-0.0034328526958620764
-0.29784081455447453
-1.1461402906314682
-1.4521650478950745
-1.078956943919759
-0.7746678828227458
-0.5469588464638098
-0.33234573200744644
-0.41206353407819785
-0.664017297474308
-0.7675183624758262
-0.452233189732445
-0.233391450081811
-0.11869572963101213
0.13527139585389553
-0.20676165654247614
-0.12575537700211467
-0.03335057414722081
-0.4288216956364061
-0.3378520280836066
-0.5350211056198296
0.34154476111254717
0.4812088241055035
0.4677973957392044
0.4246788213179091
0.39066316385202116
0.14121175521617824
0.46018072107695907
0.3465811983097439
0.49314717010628484
0.6011459601446554
0.3599695529893109
0.32980358777067953
0.42501870708936496
0.3210076092873799
-0.30843416450221084
-0.2945133287484298
-0.10572364619053712
-0.37472337873798633
-0.1647845338407723
-0.15624028347878452
-1.2006855461594703
-1.7540004300554122
-2.01678197798762
-2.5123414045179033
-2.448192880295454
-3.0648546971741237
-2.0777218299212454
-0.8299490053954144
-0.07650224779815454
0.03634522188270506
0.23598605481681956
0.12893961857850478
0.2642741142398177
0.4077866913293776
0.5048478821421478
0.44561316529612394
0.18284830638629973
0.22622724084968415
-0.02035339650429857
0.2774730854737796
-0.16996505675842116
-0.20233046299085883
0.173723801924976
0.1560278253254755
0.0008796655560641686
-0.5324497996329542
-0.35158134498369603
-0.18656619888340908
0.31781591673317067
0.2962311476507461
0.35723279423655396
0.4175617547165409
0.31771765544161235
0.24402931159488783
0.48342986849311165
0.35726396022727347
0.09451391252872754
-5.055896260335239
-5.366064949190934
-4.0640566103083895
-4.785085178776829
-4.582953412239391
-4.564440736142629
-3.8210758272277228
-4.674842297103036
-4.270659070540611
-3.7832193873058233
-3.942760874601334
-4.108324443395246
-3.6966623324538337
-4.05651585559495
-4.316798910569815
-5.247448108664681
-5.736372934345637
-5.8676444279474245
-6.17640744672664
-6.144804193608671
-6.457269051487891
-4.868691377414785
-5.016242921731213
-4.266035230932444
-3.8921184233733754
-4.453701135177672
-3.800624205632023
-4.518529016721537
-4.55111951490821
-3.8276572777372997
-4.343407831796906
-4.873863886999841
-4.972840413739406
-4.72831357338372
-4.571503181875007
-4.732216930706977
-4.15235994727394
-3.922466391893329
-4.409171032988222
-3.9178021426672043
-3.3850205969579563
-3.9026312358279207
-4.374296673901399
-4.399718093174859
-4.620808023401999
-4.384245258856273
-4.074421620419417
-3.9040956965301303
-3.6986198194396533
-3.5062868384174957
-3.5653484741989283
-4.024162882464805
-4.083016643606535
-3.872801422771203
-3.3248873917947304
-3.644489702428759
-3.927004436423221
-4.155324367767881
-3.4581550356628874
-3.89342417258375
-4.0322990697249805
-4.11794962847496
-4.386576608240582
-4.2113828371221755
-3.900379940758777
-3.7003508366437017
-3.8658201262301626
-4.238636510523176
-3.809078865774726
-3.4600168066425523
-3.4200789159197
-3.329550214021327
-3.686780286200868
-3.810256683979443
-3.907100902530338
-3.7035212905836152
-3.3605016642327725
-3.5603282695019094
-3.5585037173620355
-3.9902431370232567
-4.131940731353809
-3.6273844390237007
-3.4277911673140617
-3.4394197297132467
-3.821487945774323
-3.8233689231218277
-3.753599405163015
-3.9771985849083444
-3.4166159500122526
-4.053475759025163
-3.6915292469999956
-4.115576833376511
-4.161925063268482
-3.290603275460474
-3.6540385667796342
-3.4731434453747685
-3.5621720257317575
-3.3215136112626533
-3.186867494832846
-3.489697915636256
-3.3146823716028018
-4.214074230034821
-4.1356510677303016
-4.550551179291919
-5.3208023176989085
-5.618704237197428
-5.207049339385056
-4.976491107284159
-4.5139932433653644
-4.519817330553641
-4.072353025969368
-3.581951314356075
-3.590305345640335
-4.088321073986591
-6.121883612065621
-6.142870380583089
-7.5338391707658285
-7.79658408119345
-8.1720771634937
-6.682030302978925
-6.9649530646239155
-6.592939583660392
-6.491425862294914
-5.455835264855314
-6.045512575395544
-6.782615856909007
-6.893132096596995
-5.943571564456659
-6.649250012960402
-6.5952595715020115
-5.922536165568555
-6.410299629944367
-5.843123632674489
-5.640510820294789
-5.466399734785266
-5.546816839032609
-5.0611022433265465
-6.100744439300964
-5.171579201235493
-4.874526115101677
-5.074886669596466
-6.170797128139488
-5.902607777917894
-6.233997582427378
-5.6866759470928026
-5.9548053477593905
-6.831555239857748
-5.482941661526826
-5.579884306769729
-5.568011662500411
-5.3046677372292725
-5.620111744020348
-5.657057726693372
-5.203942329416853
-5.158682044412829
-5.145156501097533
-4.986694511849317
-4.6158325720167666
-5.243075950001971
-5.179442309885372
-5.334348999005157
-4.885234477954708
-5.11510529783645
-4.868639625709927
-5.750511046013853
-5.7073068655979595
-5.990024248888629
-5.093609720195522
-5.345045965295309
-6.04013359897065
-5.24116464425971
-5.369604983995357
-4.690555755693375
-5.363515111815163
-5.399873894662126
-5.516768141191424
-5.293418235051177
-5.839608620804365
-5.640337513095641
-5.739153518461898
-5.774874456607771
-5.764944382406332
-5.469999015390611
-5.231574270046018
-4.966652656554187
-4.580789406877622
-4.554184179640103
-4.326652349401345
-3.7980911986388155
-4.2902821973405425
-4.376889569367314
-4.164539916661609
-4.615092005312742
-4.231688245011976
-4.056759099287151
-4.034705938681946
-3.7485630098217952
-3.940626911407385
-4.131480531361557
-3.7578094054897693
-3.6647236208557374
-3.6390909782976464
-3.7318247604823327
-3.6641899432435134
-3.792359438035307
-3.706643751725569
-3.684428001657474
-3.548888284555204
-3.557423835787336
-3.4973531137901857
-3.388559289920314
-3.2293971407359674
-3.2462029788381757
-3.65769710791245
-3.2342366166325873
-3.655191004946712
-3.293852070435539
-2.970207222276711
-3.7409742447033754
-3.1587043424322627
-3.4825592505042735
-3.248216999244752
-3.6505923485431553
-3.3514476512160862
-3.493316560387447
-3.388661362808818
-3.48997624320088
-3.091035856775564
-3.22034068495724
-3.046493534348209
-3.1346764220942287
-2.913602294698355
-2.832803031500048
-3.098377332547022
-3.3959499874689434
-3.0826867180600126
-3.242820646744006
-3.2998174399553966
-3.2303953890159547
-2.7741401047085814
-3.1104090851775408
-3.3016518731617723
-3.3728275677976205
-3.4631467753047964
-3.2614323187963414
-3.48593292382248
-3.074771905490921
-2.8870766174419744
-3.2610194216145327
-2.8636527258974183
-2.9554008151323123
-3.115861948599249
-3.007364156430313
-3.412887950018793
-3.191668721467416
-3.1862745236530414
-3.311993195663701
-3.1070700407001275
-3.1873465130815637
-3.1780713490783175
-2.934870410517702
-2.6581359816185586
-3.384756605983182
-3.0116490537472873
-3.132799704499894
-3.173037825232405
-3.4198259759472887
-3.098318301318258
-3.048217655011395
-3.3665648668064736
-3.429874702392665
-8.11127976143477
-8.254480847985768
-7.936881832284987
-7.534521507282391
-7.950100368914596
-7.596216674258746
-7.9697391415889625
-7.718331253311691
-7.516887541360353
-7.869725250394083
-7.727075212683907
-7.573346833108436
-7.361622385420836
-6.38171149913111
-4.051420809238026
-2.485629178413106
-1.9569477968378495
-1.5063977940534263
-1.10758349591644
-0.8646340586790873
-0.5029267832715918
-0.9348691658207774
-1.1542288693578224
-0.7327127682453809
-1.7225515366148478
-2.12721826075788
-2.9001281132412235
-4.223649084052144
-3.2312088857547154
-1.937410147725251
-0.9089266380363226
-0.7627142729584666
-0.45160784159764994
-0.2718422564877127
-0.2270606337635778
-0.24158485845708455
-0.10297400209952107
-0.15240613052488078
-0.02752350735835918
-0.0983956428003141
-0.4569651986047206
-1.1627874314720272
-1.3501447301787275
-2.0412173824125492
-2.055856086637823
-1.5949099415757182
-1.2494303428640934
-1.199546363162975
-1.635870751953889
-1.4454709873558658
-0.9484955920228578
-0.29203324959603666
0.242847507268526
0.2294680779909546
-0.22543545597857598
-0.06849368204391143
-0.4889049328054774
-0.6714182431614537
-0.5319924441401358
0.046165337036746135
-0.057357652169123974
-0.020937130070822596
-0.2010922795755514
-0.8449320798567127
0.16210085893033432
0.3853642426888463
0.6897318399723219
0.8310877320254756
0.8620422036269945
0.6983715378901751
0.8293755732688864
0.7353416748053033
1.0381864664029856
1.0285770169383208
1.09188904459267
0.9213436245420498
1.1534728502523257
1.096240446392712
1.109822264655203
1.1383812679679353
1.4528865097759964
1.6112382061632204
1.3742210927993521
1.5733939152875887
1.6369044623615334
1.2228953026148055
1.7217309535509977
1.4556298204463354
1.2226123266870164
1.20323703013845
1.1572616406700784
1.168209668039224
1.095845884315422
1.4145832729437098
1.3946936017650406
1.6257880565736422
1.516965964723323
1.069480650870691
0.12892809542775824
-1.6555732316904583
-4.1349347344257055
-2.829134219090645
-3.3837974694009505
-1.368141485269831
-0.05888842371982539
0.1871990497467978
-0.061587821245482316
0.4047144669501216
0.4236167103178009
0.5439967030524803
0.4901822185078143
0.30402333154267525
-0.02387649604308728
0.04955543909308835
-0.014554663376007582
0.364008196042524
-0.1261100309203077
-0.4921538861337353
0.08651333452553528
0.14980420676804523
0.5103329197928658
0.3914608226276257
0.43097492623837097
0.40508169300096575
0.6998751504771711
0.83838386458867
1.037721330093866
1.0060227552961174
0.5726700134339987
0.7855353227705636
1.2834637944580618
1.1873300329438257
0.8862529176117705
0.7286849880485909
0.7329712570089676
0.9832487924508327
0.8242541863651357
1.0199494380158214
1.1295956776191391
1.077665365454913
1.1155754265952504
1.1299270263200087
1.251835259855803
0.9999119709577712
0.5844515694775396
1.071841694269399
-0.8186249737495854
-1.282087103597191
-0.7593711131085756
-0.4113844837298047
-0.3732312236570127
-0.051171223477410266
0.47780474055892896
-0.04273719330112938
0.8633545335747158
0.8543834211736357
1.1444141954746185
1.2972113744235556
1.3757162433121732
1.1825133224551485
0.5033561763678904
0.5397078249178794
-0.29967394171032274
-1.2116720083465857
-2.8956486022310237
-2.4059998211822564
-0.9599778341212089
-1.8141893733011583
-3.228952509089549
-1.6604091217885908
-1.091074489896327
-1.6474492571204107
-3.1743910195282203
-2.530268718484501
-1.5776338170142368
-0.7404961879294465
-0.19322534021855522
-0.08498940840378541
-0.04994070038213366
-0.399534510719338
-0.6896329401107695
-0.14016508744726802
0.3721120484800764
0.6083551897228686
0.8506273480321523
0.7969294785958344
0.9614128388616284
0.8644561572108097
0.9066916696736412
0.41421922337892836
0.6042597873017637
-0.18787920075096187
0.260819800749883
0.5205563416976811
0.25939650156825866
0.54066482977312
0.6849738027205525
0.7899837131547408
0.3819027522503845
1.2195826387910214
0.8100543153001686
0.839855085733186
0.21504430134344316
0.5341717560557513
0.2712868381215495
0.17605863070074262
0.10905876709211965
-1.545330373321634
-0.991433753671063
-1.2025703500554061
-2.3388614507581265
-1.1722346292398504
-0.6951909523843596
-0.5110762336096496
-2.4600524376465702
-0.9894068472675297
-0.9051319980550766
-2.431628572733446
-0.7234767966474667
-0.29120659733003285
-0.49330577629898364
-0.39258351204535646
-1.1177034066461737
-0.9900643297235745
0.025560752440088708
-0.591148863434526
-1.126340065246114
-1.9309221274221815
-1.4781898222943535
-1.5972297204276025
-0.5618134686175265
-2.56703065790009
-1.270218359171345
-1.4923444268219201
-1.7298938294876711
-0.11603862394219441
0.879469041699431
0.9434766277342651
1.1317046150955021
0.8983202110184957
0.6701196337371593
-0.14773484974224765
-0.8562323764466654
-0.7006217095417374
0.20836523021259756
0.8931291236847024
0.7705669679270529
-0.6791311409361194
-0.5961377156760378
0.28164347481308594
0.6568222634688972
0.9033140473111515
0.8778682634433724
0.938748413933879
1.141886962611117
0.7436245006428662
1.2391463253369568
0.8373919651600393
0.8818076821476964
0.7929801743509856
0.9061030614634472
-0.7555321034611173
-0.00903693264192601
0.6325429026843801
0.9103605526418833
0.5199632105201539
-0.5313683049220584
-2.9412213121820314
-2.7528337488843873
-1.1259877635762767
-0.4044638864208808
0.0069343830866726575
0.24473587058336665
-0.1239828390634824
-0.0841847032140228
-0.39551057541878454
-0.28028312883722284
-0.41046716214901025
0.03378873826182166
0.5818000543904617
0.3693332291894921
-0.019753316278388278
0.43142621845589935
0.7835798372027815
0.33353419083423785
0.4651995452009695
-0.6443932738463457
-0.6843547582999101
-1.4152899153944722
-2.0621582158556375
-2.623592971690278
-0.9890872743229665
-1.6401170140009773
-0.624778243903517
0.27771361781912285
0.610106130708256
0.6369857222241561
0.4184901829616866
0.389054281202433
0.05155507399119369
0.44824315317294416
0.8136409024764174
0.39022025750533795
-0.8412157198208551
-0.6878496010211912
-0.05108811728215404
-0.27625158451917586
-1.8435042076558972
-0.8412841759828577
-0.8956580250358255
-0.5077193549290717
0.36932543615507196
1.008296461556812
0.8229169969596791
0.4791097768496305
-0.20612456891072545
-0.5594347235837147
0.3066443093307031
0.4065382075511378
-2.1189082496822107
-0.526226348260311
-0.15416289560938767
-0.691239150265788
0.25717824934906697
0.3379403272567245
-1.4505918435974405
-2.183331616841274
-3.3917949002972847
-2.4886289317920673
-0.9734110393459913
-0.9914246807990362
-1.3210010677924844
-0.883337758902672
-0.439156615752505
-0.27889349334548935
-0.5156710768056674
-0.16628542062766521
-0.7857955537288478
-0.012327318350956074
0.12625065596664076
0.3236557988544586
0.22650786815014856
0.16420468548716405
-0.32677133840867256
-0.2854519393255691
-0.3138785516080948
-1.4107200157119317
-0.6074138120934254
-0.5278516984272297
-0.8509047055957828
-0.17869240982341733
-0.8180373801568755
-0.8581526405265397
-0.3301099889110185
0.4513456891069436
0.6597192429741712
0.6096167408821465
0.45944783780821463
0.7606766512612927
0.22030379088658858
-0.3148494452685334
-0.3442140497718168
-0.3824302870415544
-0.8285104263048079
-0.10804157459635008
0.1587390762465995
0.1399961366077594
-0.6126327159360248
-0.8081804747995034
-2.830377691570452
-4.002433079594147
-3.568580124711191
-3.5347422531653248
-2.7750564458638887
