0.350113364549504
0.17667389469233613
-0.012074054963329832
0.08859620019889279
0.33674419807105127
0.16723313849946855
-0.07478982100528692
0.1511016268994261
0.06430048521072482
0.26301336776891504
-0.46505146639162187
-0.602101506720388
-0.33792293972380527
0.1245561134448256
-0.3445428206709349
0.1471541382263473
0.40080643617542533
0.36521776758911856
0.3213843906602409
0.5502230917441335
0.5462623269604745
0.4960222585364318
0.6398039070971855
0.7049215313786074
0.7552182092832554
0.6662199576851955
0.841180208629812
0.4086511561173682
0.3771977262731711
0.32341327333752734
0.11916396592695037
0.448232771322897
0.3872112519693389
0.5746142523975318
0.5025049761059317
0.34499876441619565
0.6292119484936638
0.3455793568133038
0.40562844791041414
0.4523055582410688
0.4544373844276148
0.8117415877246684
0.6408881125970227
0.31577123659893863
0.26034837202483513
0.08057950059297472
0.3125444184904771
0.4471778425709052
0.42582608865269855
0.30230502656972186
0.09188609632034635
0.05166315187590191
-0.24775560317460293
0.2898294195736639
-0.012019945297693752
0.27066331497588675
0.27348045333918364
0.11634925885227969
0.6264501001175833
0.6550972256991892
0.588649097891132
0.04812107757929355
-0.042937767821715114
0.007477138720722967
0.14279311643366308
-0.29871895652350555
-0.22606136217084682
-0.3113353892019499
-0.4338902589807851
-0.36535667347183953
-0.20123781376919964
-0.2974044372480516
-0.13718437693057542
-0.16377207623963924
0.50813892219713
-0.1838587353854363
0.17727688397161356
0.5498616035426315
0.6936519946286804
0.610292105352178
0.6068067774004906
0.8025874445519354
0.6872270469213553
0.3034620203983018
0.7167859657435793
0.8827515604658309
0.976712434620108
0.904399262562773
0.8942119252444362
0.9838130280518927
0.9850231249812454
0.8845355270957814
0.7282862056814476
0.7785067823035561
0.09495833762134266
0.24829673694065987
0.4906439197195069
0.6058938096990152
0.5538642297617795
0.6042661451268895
0.734443805450992
0.6912369361513061
0.8146125148837314
0.6675504268253525
0.6594645461860251
0.813856922037628
1.0154069274478223
1.0370320658235563
1.0511937658074682
0.9625708505065427
0.7267448296194787
0.7595344232772557
1.0604172460666386
-0.3121395483924489
-0.6298582426115179
-0.49689263916128745
-0.41535762722513253
-0.410451727448647
-0.07625150701005602
0.08842602804816646
0.23093060820513367
-0.2338728091185177
-0.32273038320210873
0.16414874070672725
0.07374983180141215
0.1432687410719575
0.330523154110234
0.610317192906307
0.7695802095005249
0.4734731532079943
0.9034494544345115
1.0900421873719162
1.1562840934738237
1.1171777420180558
1.0746155746223587
1.183241749484429
1.0087446990958648
0.6997298215847695
1.106826314967108
0.7679448831740561
0.853132958481854
-1.0379181306471315
-1.3959884235209237
0.4101517519656214
0.7312924308029888
-1.3995044530469547
0.6150186166848918
0.26656341953418183
0.7614435231862057
-2.337300000000002
-2.4910333333333368
-1.4603546094667605
-0.9604013072369052
-1.6171161629677544
-1.6438357899518823
-2.3904733333333366
-1.7018551391582304
-1.5338689663617975
-1.4563140529100527
-2.187153333333335
-2.6811266666666707
-1.4575596188441198
-0.5901163176638171
-0.08098151744606158
-0.1649579665540976
0.2605249316760189
0.5776557301451006
0.5118598149133292
0.7124972303146627
0.814233358745429
1.0403327552764543
0.7865835279816316
0.4161532419768583
1.0491152305634863
1.213746677027754
1.0264596958291603
0.9739705155011448
1.1011882104934685
0.4561567879098544
0.8889655725789508
0.7403896287682881
0.9464897831419683
0.9587652820591461
-0.018437726520211813
0.6497496939858232
0.736100949717754
0.7841824384966344
0.1435803337986451
0.6265139550015574
0.5214632822027131
0.627583705154188
0.8739503753480516
0.7340991993218963
0.48654851623184414
0.5339961558865124
0.17860572157594803
0.11133196787237544
0.29031389056440843
-0.7823386980586046
0.10291717607651424
-0.3230602466071512
0.1267046529987828
0.2697477562434745
-0.4268449540648905
-0.4202662351128069
-0.053502636235023264
-0.28596528279563566
-0.09683209199557884
-0.28225208090759857
-1.027361777777779
-2.1312700000000016
-1.18348845662061
-0.15095831545424498
0.12784387374792197
-0.009450202731736279
0.29815950577923245
0.3686600881665032
0.4210373202659271
0.42950735439225146
0.27329729583769097
0.6436562213789614
0.877190029028623
-0.33767139271616015
-2.4710376190476206
-0.5020391994949492
0.717721782539683
0.35474007069451713
0.8509807797183944
0.43754031108683167
0.10034517628702362
-0.022683998527649584
-1.1826856296296302
-1.7009335000000017
-1.6972021111111124
-0.9767073383438467
-0.6389955912403946
-1.0005460918088593
0.1136638796872858
0.1005167142369679
0.13856373326061922
0.4456374357476525
0.45513720326173407
-0.8739201958667127
-1.916127777777779
-2.3116533333333362
-1.2763050719933675
-0.9080905524468436
-0.34296116622973943
-0.770608040994896
-0.36154287881992475
0.33931051043674504
0.7195322849525806
0.12792287478299602
0.2867178162130166
-1.0935601868614493
-0.03664958671785976
0.18254076994550172
0.48474049985848544
-0.6480202066805746
0.2385416845839814
0.336665624652091
0.4141729082415329
0.8209629507285805
0.20782399514610925
-0.1875083425996327
0.8208434386288446
1.1811822086345451
0.568364356645261
0.33967853259577235
-0.13745538704270174
0.49732747351189394
-0.055406446873119526
0.04831452061306432
-0.029686490648240624
-0.09292997731108762
-0.6131662400579583
-0.01348977689004896
-0.6729637808012182
-0.8631717977260094
-1.060334176018522
-0.31133064606983135
-0.986991404378846
-0.9930745776348557
-1.0966351892480908
-0.8772062907180674
-1.102461143847273
-0.5926192472052084
-0.1694668465147367
0.07863832343162654
-1.1165937913406427
-0.6530329112137864
-0.7107725441106273
-0.02112793213060028
0.6024653665479999
0.18798702245859475
0.29841967084374993
0.2848719021840814
0.7507548404378747
0.8304932619625917
0.8909685358005561
0.38035148962505594
0.6975865273686986
0.08060154556960528
-1.030225319959175
-1.5869094288119296
-2.2971766666666675
-1.2208772714833065
-2.6272483333333323
-0.4832494300993128
-2.597887777777778
-1.4743400179738564
-0.44060231372549025
-0.7001433643295705
-0.22296267908952042
0.18051169235106385
0.19105548807611678
0.4010125243911526
0.4305237335498788
0.6367171351574672
0.2565676775933965
0.16346057752830037
0.32273927699620863
0.6424138615763936
0.7772241557343607
0.9046477153118962
0.4104876443513513
-2.540208888888889
-0.4829044444444445
0.07448496241340352
-2.731812222222221
-0.2163876554763319
0.17925103957398814
0.0532275619499311
0.054540191525033956
-0.019950713069066033
-0.3436911664076664
0.0331899477370336
0.28085372519388274
0.3939052556887355
0.15024577848182855
0.20402657063141064
0.21396413755124152
0.5890635312248307
0.768640127583197
0.5092994678876681
0.7028121965186169
0.8059164097066607
0.3760916990732486
0.6068700253714143
0.37106823425267993
0.3694240470100317
-0.001304878822858709
0.3101022519488823
0.65146445896765
-1.0208909202898557
-0.40660631267281955
0.20702700493950513
-0.48535142029290046
-0.18135477319636
0.9269786907117934
1.0050470282355657
-0.3963090132275133
0.10742143562283289
0.609056403547338
0.2528948172835788
0.7981485023592013
0.6936982932950319
0.40817312936245376
0.0375427193103655
0.7203238719142717
1.4967042499999992
0.2375206686635832
0.4234823772860042
0.8114285061384602
0.7847760893003705
0.9625352705977491
0.859112328883283
1.1265944498131528
0.8544209660691346
0.15312344335063982
-0.3113873846275444
0.3380620848105267
0.5857251702068634
0.8007946907631553
0.8464330786534726
0.3009498828252166
0.7186816152883868
0.9622299239670654
0.685619197242981
0.7675156710637882
0.7760702725141397
0.37742473834523194
0.5170139831825028
0.38803590319155923
0.7482500739489114
-0.2469504708733296
0.3209538655302317
0.677376948193336
0.7240601727260926
0.4618100531654678
0.012774948336345775
-0.8753612156091128
-0.24214858577881634
0.30937457405134805
0.5596970996794056
-0.16258664055353841
0.16866752706701804
-0.21430617372378766
-0.29284007568233383
-1.5075277264957267
-1.1853955320512823
-0.5337485910334875
0.07332930569241294
0.3608786572785982
0.1147993739172571
-0.33802164402264445
-0.339531541814395
-0.16129898811480464
-0.32090512912375
-1.432877640637142
-0.3591339331833746
0.22135902829980394
0.07343698515524427
-1.1964018902812594
-1.118087653767106
-1.2353871339031344
-1.0517648463220757
-0.674153168255472
-0.7616937488899993
-1.2883506347171358
-1.4184234176841672
-2.485895555555557
-1.4675451111111124
-1.0767493122708978
-0.39591828236601767
-0.08611444966897276
-0.2668188973444853
-0.31633154525213364
-1.2001825758433817
-0.5687261377162864
0.11237101171666611
-0.9975359641179051
-0.8191177250192775
-0.10964083842150875
0.023787964799698465
0.5639260839972032
0.4514452571246798
-0.7875930982027008
-0.048532469135406944
0.45506195349197204
0.6999563245613436
0.8584228634730171
1.034336472222223
0.8192376672427506
0.7880679035607213
0.9141718769091559
0.5372499581346432
0.76374263837805
0.3708601457136693
0.35107102851488425
-1.2497488891941402
-1.7183011111111133
-1.4106513481888487
-1.362186100891864
-1.4814801216931226
-0.7706292696339848
-0.1613589161024162
-0.8730669146570639
-0.5722812652206183
-0.65394595877026
-0.6581510463816188
-2.3722558333333352
-1.4583889754134751
-0.681192427866867
-0.16450227955786045
-0.1574631158435353
-1.5838959880304875
-1.1653077354226562
-1.0582112437055275
-2.192640000000002
-2.126773333333335
-1.4340304497354521
-1.9673233333333322
-2.4124933333333356
-1.32592808892959
0.03535830972646196
0.2511477473694303
0.04319296188689345
-0.31532546582302956
0.271515183660748
-0.30021606968956976
0.03632652872850951
0.618629889494738
0.4540566672665841
0.36452349888509283
0.5960224165569086
0.3632561064691479
0.5349758362346326
0.4528830386571815
0.39407395365434117
0.6329490436502087
0.2075549363414
-1.4057376810966822
-1.1021344533284159
-0.37949206507327066
0.05704073826510139
0.06418844314638675
-0.9612402760750665
-0.6190486667592067
0.39281534218340874
-0.15771967336521492
0.6233696675935557
0.7842806089249974
-0.3233879645141078
0.6476403419345509
0.691928897502718
0.8049171272511801
1.0489096335132557
1.1448007959850601
0.8945575635791031
0.6469668754427014
0.7573707911294412
0.4478746979443359
-0.14659552823804536
-1.7887297142857146
-0.8502171368736572
0.1794498096070598
0.575859570256275
-1.4875276468253973
-0.73292187096127
-0.5196946898028441
0.16593020113701082
0.4062655188011925
0.25935172818607466
-1.5747242738095257
-2.4649500000000018
-0.48835031848780547
-1.4929031708754217
-0.8784202838902886
-1.70433625925926
-2.6754550000000012
-0.9578600471668479
-0.40867606037480997
-0.8907770081989281
-0.2921020042907845
0.361017445716539
0.3865248730755944
-0.11381065531364055
0.3026169758216547
0.5798373000940632
-1.3766974285714293
-0.5035643829895596
-0.10591859942680781
-0.3754257255935219
-0.6510274873115393
-2.307670000000002
-2.5804633333333347
-1.611589111111113
-0.8163527079124575
-0.5861848799213992
-0.33699849287267986
-0.32978524872725146
-2.3752133333333334
-1.433055915584416
-0.32555601148569596
-0.08934373293459062
0.07710496749589138
0.24535089476853125
0.05669155342699021
-1.0485862751322763
-0.6708587728566896
0.22863169875186562
0.3761735578879724
0.19667480242566082
0.1940614633476975
-0.24192723113487802
0.1703409796777296
0.01792370382547162
-0.028007207614050445
-0.11605620395063873
-0.6011019571494916
-1.6655208333333347
-2.0402700000000022
-2.423336666666668
-2.493450000000001
-1.403674936507937
-0.7737500373916891
-1.5579345555555555
-2.171090000000003
-1.420558714526216
-1.9988266666666705
-2.174800000000004
-1.8861800000000017
-2.039616666666669
-1.977567500000003
-0.056198394249150116
-1.016250458689459
-0.21127311619949715
-0.13558653646145538
-0.8664353284266262
0.28690657364186245
-0.03882529805282434
0.35254609007505044
0.7806761474540677
0.8220003790584316
0.36672120104744693
-0.09966512108878774
-0.9907732581864176
-0.3040837763347765
0.04796487747813686
0.27101629989950926
0.19692547592902007
-0.592252525984515
-1.4851364494302013
-1.9574533333333353
-0.8335577777777773
-1.016521918007375
-1.0197661402295974
-0.9194805702421359
-1.7612680555555569
-2.647603333333336
-2.74813666666667
-1.3476687373737384
-0.910000914141414
-0.7685837270011945
-1.604413843476216
-1.3584532235449738
-1.7001860185185214
-1.5041020449735474
-1.7056518937048533
-0.8985494009304873
-1.0033179365079368
-1.3064067417582423
-1.3549788492063495
-1.6190450695970708
-0.6213475925925925
-0.07530651058313198
0.436274220842159
0.5003847850022458
0.2955841631918011
0.3679821835686918
0.32832072072519974
0.2236308708531868
0.42333393720732077
-0.7739635970766146
-2.7606383333333357
-1.2460699595959597
-0.6160847252747249
-0.8803274760794767
-0.8003497779899839
-0.7520582340616898
-0.365059237179487
-0.8783481434018043
-1.1055646516476187
-0.9196696572871578
-1.678558981481485
-2.7556800000000017
-2.6774300000000015
-1.5846315801790831
-0.9004400000000006
-0.53489407936508
-0.049727893803079445
-0.03888436756453416
0.1174657033861303
0.30082004459502704
-0.44057266666666695
-0.04981960591630587
-0.30830819550047334
0.4314946737168623
0.12699042752846162
0.5596803728418107
-0.0791944689916785
0.4674087956729749
0.5400811728683134
-0.03289572465728061
0.26652524198089456
0.36746109310172437
0.4073493233803895
-0.4840179623300253
-0.03551616322524127
0.25758570119860924
0.39445619820874694
0.4228747359631888
0.5561391072600107
0.3043160643779011
-0.0727340208855472
-0.3639348100755454
-0.287086994949495
-0.2936691494708995
-0.16538997769087455
0.27934281741789724
0.48837820006321037
-0.23239152703013574
-0.6990691961836056
-2.3408566666666695
-0.11630021218433974
-0.3975294103766604
0.1795799937762799
0.17689348102867042
0.04836550825235726
-0.5438573566939601
-0.9490443488031508
-0.8896203968799266
-0.21130557312639955
-0.46051444351433873
-0.050007427832726284
0.2330642970329749
0.45585624035015493
0.3145643749141427
0.30220891051261783
0.357285833605717
0.21017764659216587
0.3207650636315573
-0.06569387844174773
0.2552195236895026
0.33629450299421243
0.484742133898834
0.2118540212665674
-0.2463994949859116
0.199260073585281
0.35131555811508375
0.2699414284473541
0.1880082808753111
0.07198958200745384
0.41497132232141426
-0.08662694491367248
0.07422495544548914
0.30042002842089394
0.22196638938467558
-0.9247578486106673
-0.14532751040276382
-0.35850585471272217
0.024022512138369524
0.08133761276035688
-0.10267819816698612
0.13200830991670026
0.17888069168971377
-0.20225954166571428
-0.33304322510822504
-0.5049034240019233
-0.3687736232027701
-1.2060523521028477
-0.06786083210745121
0.4669069762089499
0.38658948935608917
-0.15357172112251957
-0.3391109850889853
-0.6469212307126423
-0.4894030014615011
-0.2607825777638538
0.16751133660892062
0.035756722954580544
0.08228739108104154
-0.43105962067236075
-2.4999110000000027
-1.4364091910507808
-0.6305601718678928
0.053582000294998856
0.08879152950127396
0.40506743201552114
0.06530203474931609
-0.2043954721531128
-0.19761844654039057
0.05469303722471224
0.10660282211069808
0.07530110808701024
-0.511580626472094
-0.9750574920225453
-0.37275605064951395
-0.33770871595314084
0.13312203797304983
0.07012375086568437
-0.24256977988784437
-0.1674553213817772
-0.15764268645243631
-1.8721104558404587
-2.629266000000001
-1.4811027167277178
-0.20344089907697652
-0.046559664758241616
-0.3305252441648909
0.20291188299899157
0.29200568887257017
0.426009950130429
0.1287204195554527
-0.3448727895858012
-0.4256772625911861
-0.17742017510910973
-0.9076576028693529
-2.340543333333336
-1.0005831481481475
-1.0125260714285709
-0.8902134990662921
-2.0208456666666685
-2.467003333333335
-2.0591866666666703
-2.230883333333335
-2.6411533333333335
-1.4460067242770793
-0.33208899543267195
0.1003611895809647
0.12336948966793587
0.2544265296296723
0.22430654768921282
0.14136390252703634
-0.5382285015632514
-0.7551762467708371
-0.30816296035408536
-0.16240001279907668
-0.20207152982202967
-1.5675488492759682
-0.9097208690476195
-0.09280380997360098
0.19293080652848046
0.47027097696762943
0.5277737130687424
0.2973236227508275
0.5785349194112364
0.6829424955149666
0.8595258115321411
0.7498652923221083
0.35141222997163896
0.6747972094690112
0.7378624646161015
0.8667988826640063
0.09667974590994279
0.32569357777024605
0.41087684383423617
0.4649560770296018
0.4057809843149937
0.3900463054335628
0.17731027395921647
0.44411857731225185
0.42413244010979406
0.17659036525611696
0.380493742281088
-0.1722292783816693
0.17821581589544958
0.16489571712540396
0.09336113476262932
0.3197151010547503
0.4547920114833883
0.5274501674626483
-0.0009946988963399422
-0.4065893761393977
-0.17526782778524155
-0.8118400303585301
-2.20431416666667
-2.623866666666666
-1.0920267303992308
-1.4871086936304458
-2.288153333333336
-2.697483333333332
-1.174183887222139
-0.12301042862439461
-0.020831922472020925
0.20335650577573722
0.3615039030777734
0.26837844541373906
0.16234129528357094
-0.8580147435657763
-0.8739572762496437
-0.07371393066395078
-0.1948452517187746
-0.20774774428947937
-0.033957539021844126
-0.7348116844130814
-0.07359119865288416
0.004014791715041087
-0.8590840186023124
-2.2347584444444455
-0.825268401060269
0.27737902548747145
0.14079496938176295
0.28022208424110384
0.4466282247114701
0.5662351354318392
0.2926499506494766
-1.0636454712066192
-0.45620604314605356
-0.05183367703371503
-1.497601355686224
-0.3171483945470793
0.1874011164633413
-0.07089089464507661
0.19251102900528552
0.1284087772791364
0.20470696558702628
0.3029048198768127
0.2017013228867632
0.1931484976491452
0.06768234023279054
0.24754419720781765
0.10852436568511534
0.12928139402591812
-0.270492073752087
0.14151149242644473
0.2511039326774876
-1.5117963187830694
-2.543526666666669
-2.564613333333335
-0.9991750098855401
-1.4262308069153065
-0.2036956238761238
-0.32154908677107213
0.15492972233208643
0.044497570979338756
0.10668747364531557
-0.18741586701397747
0.1396323512248355
0.10959795019647238
0.1056240626029592
-0.9229274959638836
-0.33613300068482016
-0.3415316483400207
-0.9942123888888886
-1.7367524682539697
-0.6071230995499535
-0.09922987118437114
-0.5601168770981103
-0.448510533711035
-1.5816542336182347
-2.5340450000000025
-0.9020856836759596
-0.384315664021164
-0.33908848807035863
-0.10605910396090948
-0.23967156180856156
-0.3351053105565461
-0.24852330820105833
-0.09900275710235648
0.040005154956469544
0.10053843685300205
-0.9373150668458954
-0.36345518121882897
0.21899060162003872
0.0906650635102059
0.25838524089242026
-0.10872936466909998
-0.18914622325495833
-0.43309909595959634
-0.5148845959595967
-0.3984243627450986
-0.30194573648247175
-0.38557628677580386
-0.6697278337257389
-0.10459663645035425
-0.08623138211451191
0.276830352080577
0.7124976731511858
0.7171798231654094
0.7884044546114349
0.6420289306951851
0.7546978824364848
0.4072619843883762
0.15867943726904726
0.041938551286309377
0.1577341829987276
-0.3973994653875537
0.19617321672343968
0.09291077971301685
0.1833265008199505
0.4996269390268048
0.6447320305938683
-1.2700059444444447
-1.610344537815127
-0.020014432739936798
-1.0357998767172307
-1.197785935555996
-0.6618897277547018
-0.7610879679394681
-0.6100469689841748
-0.22198329914529882
-0.1232911267814844
-0.15156600053323566
-0.19596953799903777
-0.3628555351130353
-0.3311404273504277
-1.7171785119047642
-2.526306666666669
-1.5744486135209828
-0.24943837854268602
0.29796129715018604
0.2117612823257112
0.3589654725769894
0.402137615390712
0.5766846066536281
0.5418405883110614
-0.12880111519036525
-1.2779840952380954
-0.24286674385974782
0.38893408051714806
0.2940815748541366
0.14065823082109313
-0.8180583457837611
-0.17308068205868182
-0.15629892088874225
0.1553545311132431
0.47333015404561624
0.11445247390292719
0.5235645104393736
0.4487607239364236
0.1930524136890022
-0.2937284615228325
-0.2287354015151514
-0.3113972348484852
-0.376829040404041
-0.2539308888888889
0.1266857792207794
0.2784462689454083
0.1290654714710344
0.4420344265798853
0.6073667568071903
1.1051377735615782
0.7086347084065241
0.9769262862838921
0.9923698653312889
-0.5380011621283302
0.5040326104027472
0.5166720764189388
0.5257561041310131
0.2611602297561415
0.1155082535390666
0.31880815530142387
0.18488705149601614
-0.31968083795849245
-0.3071682780784961
-0.08471305275896944
-2.4904166666666687
-1.6740392698412714
-0.4273449562715902
-0.310043598028783
0.2777274158330299
0.40942430505477456
0.43277248968677745
-0.8802872962962969
-2.5624366666666676
-0.767770274284426
-1.5942622195767193
-1.554520333333334
-0.4239446568986568
0.17410373124481782
0.39817025265247713
0.2783316582692446
0.1516947396763155
-0.7141224217895634
-0.23052363244480248
0.13645834168603876
0.15354338956347363
0.11271512995920863
0.420746144692608
0.6460340621976735
0.24307387293290675
-0.19285721860889113
0.1692430410760688
-1.2513658993242538
-0.11871004791342903
0.13407954882750556
-0.3086331701631704
-0.6767035193140197
0.3581970177352643
0.34805066772416404
0.18035291582491592
-0.7416611454550285
-1.3627791666666682
0.43288436651789386
0.6927918758646124
-0.4383236538461542
-0.4763104977873608
0.0221914867020511
0.5084804820917405
0.6464888237776913
0.44221715468405004
-0.826506241315595
-0.32077214153158
-0.27860431172918737
-0.3251885913500078
-1.4746452777777799
-0.3048339129638479
-0.4439844092401788
0.2427158806958805
0.03159286012467308
-0.6378992787255194
-0.8304703657078217
-0.35622539682539733
0.4238632430185356
0.34200262288839395
0.34913536191254335
0.747826782138196
0.9185805227051774
-0.2322222501343972
0.2985309753086422
-0.4953945370370375
0.13653630590002974
-0.413253834859599
0.6590253227550497
0.3825572222222217
-0.6345900959666694
0.22742489488377704
0.176260364132556
0.08555663873626382
0.3589830227982268
-0.38523567480359194
0.5401013779866334
0.8649676915432069
-0.051265461038961
-0.4592095578865577
-0.7210509585936935
-0.9525530453060016
-0.5581879101777754
-0.7496391747487174
-0.09160607547949336
-0.12430106597706214
0.1846679221166823
0.21375733165338667
0.04209387062241642
-0.43986260777484043
0.20218381948135394
0.19842804461900884
-0.32083050329923213
0.3409252005932765
-0.12695381695507513
0.5445518340484764
-0.02384636615982212
0.7169372304144422
-0.3570473807659439
-0.4635854300380895
0.10453258325122276
0.11139479829110509
0.13192116175001461
-0.02791388195451301
-0.1506960611577963
0.034616637254901945
0.21129749282160049
0.2817784913559216
0.7529919697694264
0.7458998185400363
0.31673499976706954
0.7279595094865271
0.8162655095834812
0.9352879729963305
0.6015428097011958
0.6808576602947347
-0.9314493707417222
0.02320131030758608
-0.718398724526803
-0.24177951320747654
0.24380305839988997
0.3784533118019808
-0.13214414464373558
-0.41445584832015464
-1.4055076481481488
-0.468953470576265
-0.03335341303175699
0.04274082169858727
0.16780869583847802
0.17996513323441532
-0.06545969474687957
-0.03342417687354915
0.04419969686382464
0.2315884423922068
-0.19346242985409623
0.35956240793816185
0.2272856629317858
1.1207297577906161
0.8928552533819974
0.8822828353512313
0.836263551546194
-0.2194656770963242
-0.3198336250000001
-0.3456323577497879
-0.058445152695253196
-0.2886982198919457
0.5384009896790124
0.6324767638588157
0.8142976050426591
1.0209785101010107
1.0038779611912378
0.8974869367254619
0.3981918486871973
0.817293716388306
0.7976388719930644
0.6695389043825433
0.30902341858279186
0.3603122391795159
0.17427999079123904
0.2759990933645531
0.4515606335339553
-0.3539663858622216
-0.23830273980120614
0.2611411496794453
-0.4251698688014022
-0.28211720496170467
-0.4716439040077566
-0.3221519169901943
-0.7840068951788951
-0.29035898879930916
-0.010691938862862512
0.2594854783604721
0.029426425878490637
-0.11926387006800439
-0.23137886344763867
0.15869241691523991
-0.3159262769783653
-1.284281444444446
-1.4657200079365076
-0.9687300021187705
-0.9116961250061485
-0.4759123754212775
-0.2699195958118501
-0.3481161366257793
-0.20076516723919338
-0.322819791278553
-0.31816298290598294
-0.10371647363234597
0.10760292089356331
0.28577824828691606
-0.02779608712486341
0.009129795324569744
0.006589638850068383
-0.203163192279942
-0.20824327651880264
-0.7538090965359702
0.3974091143126103
0.4764617301546366
0.40533173537339384
0.5445407792703101
0.4465158996229559
0.25164955792179733
0.40185606780358063
0.42812725237066807
0.5310966864508474
0.7237306367884796
0.38976026279683285
0.381177794556683
0.41388360891735443
0.24694452531303165
-0.30513881872294385
-0.3896072912288176
0.042240945453170455
-0.3346349606603206
-0.2978925417344703
-0.02298776533966789
-1.3775445198412712
-0.9164128763915825
-1.9051501666666684
-2.079020000000004
-1.997290000000002
-2.202230000000005
-2.1013008333333376
-0.6469446533593212
0.059606598059878654
0.16088214139512233
0.228482707367048
0.2700723579595379
0.28578656129302954
0.45318830489381384
0.5531193658230286
0.35083746175131014
0.20182723938090913
0.228661483604125
0.09378963347383114
0.34582749369980836
-0.23028336349048278
-0.27351707493598937
0.333431917873518
0.31481226294551456
0.16162500074873043
-0.3806415181441701
-0.10873788130984896
0.1062761689725835
0.3699211681767524
0.4730167315252038
0.48336471090058886
0.7178172098361936
0.535376550434224
0.3568420950402075
0.5176742372558513
0.42203534250753166
0.14269947928523344
0.0174835876068376
0.4307198015056837
-0.43369163423831075
-0.0813959246728218
-0.25068185010115157
-0.13315905316361204
-0.8251144674459525
-0.33722832125603835
-0.23112811111111115
-0.7915791546966109
-0.28950645524691343
-1.0862861111111117
-1.611235833333334
-1.1740718201058216
-1.8195488790849708
-1.2432496844070973
-1.2237845886818495
-2.535482666666668
-2.557907666666669
-2.479463333333336
-2.5976633333333368
-1.6548056550312447
-0.6908740392156857
0.07589084955599958
-1.6708341965811984
-0.5656735728715723
-1.8631066666666662
-1.6439766666666675
-0.3534355555555555
-1.682056666666668
-1.2963285059497673
-0.6406851666666666
0.3287429009137843
-0.2435973888888887
-0.5834251554103121
-0.4381884887436455
-1.2596665521885544
-1.2737815521885543
-0.9541860730351527
-0.6216026629318393
-0.8820055965062165
-0.48455175971314407
-0.22039402944711184
-0.16353960270204826
0.03848296221929473
0.36437604371554355
0.4655846666423338
0.667806481911879
0.023763731501321158
-0.1029362504575845
-0.09518827479994511
-0.15704800366484373
0.008840987681881903
-0.10935111296296299
-1.8993470833333315
-1.7404942063492073
-0.9981020952380962
-0.18245201701076696
-0.5776217320261438
-0.4798089542483665
0.26597186821415053
0.3357838892829717
0.40949814769366893
0.598504887196137
0.28859659166464774
-0.6977557548772574
-1.1376752375201302
-0.26779188492063466
0.03864384675530921
-1.0078934711029723
-0.8371884243115898
-1.1411628465608477
-2.106166666666668
-1.7311334285714315
-1.2093628650793669
-1.21782478884079
-1.2324537650312661
-1.0700197372861178
-0.5207528322440089
-0.1406684757353212
0.1871701749018956
-0.4092888639900406
-0.6458821608984447
-1.153869800322062
-0.7590753386591548
-1.100113352657006
0.027048398474083312
-0.08173887897632108
-0.7146693174931398
0.16897299035232716
-1.043874670117323
-0.13112515219421095
0.5266363506787326
-0.648801307081807
-0.8007965354509329
-0.4722021111111109
-0.10504465692640692
-0.7494085613340833
-1.5904191111111123
-1.0308595158465677
-0.7437986585500305
-0.7869207917433815
-0.7365526141782871
-0.5007548677248678
-1.1512537354497363
-1.752637857142859
-2.564386666666669
-0.8588787569905518
-0.06000308366253248
0.37986404804791296
0.6582623933941721
0.12645565216694207
-1.1530477195767217
-1.888650000000002
-1.9370492063492057
-2.6226066666666696
-0.9363113888888897
-1.2412794444444457
-1.06671696969697
-1.4032293088023104
-1.2131793232323242
-1.8010416568627472
-1.1617733108465624
-1.6668683333333352
-1.4245964898989902
-0.20088660431235425
0.36241254966545416
-0.1902946209401944
-0.32365360288712963
0.39628311906996705
-0.6041865786827549
-0.2733235487567986
-0.29401529545454563
-0.4940422649572648
-0.9216543703703712
-1.1581617592592592
-2.4152227777777795
-1.9380750555555555
-2.4353261111111113
-2.531571666666667
-1.9590447777777786
-1.0563056707268772
-0.9133818127123426
-0.5466513390313394
-1.0108087506208394
-0.8539243318250379
-0.07552133232780288
0.11326742654808962
-1.0941096862745117
-1.2452116262626283
-1.5711161111111123
-1.8402883333333349
-0.5751466666666661
-1.4844591262626272
-1.805600000000001
-1.5953641818181825
-1.7807667857142864
-2.1071436666666674
-1.7987913888888893
-1.6026847777777786
-1.522748111111113
-1.5639616262626268
-2.195107000000002
-2.1276136666666683
-1.2883368333333354
-0.5450074999999994
-0.5111182638888886
-0.9014673830428575
-1.7673149444444447
-0.2733650263157894
-0.09553361868686869
-0.04957019672919673
-0.04551647496706194
-0.05793883981976625
0.3029517839707037
0.6817235816818985
-0.18095245004162674
0.5419781866885477
1.0189191868733978
0.8243635083556445
1.0966665451388897
1.5720933333333362
1.500022136363637
0.921233992711621
1.0346630307921254
-0.11941962370371341
0.7566903271863057
-0.23568146872252874
0.6653207901406123
-0.16806608650398497
-0.07863075949929044
0.4865764872305068
1.045044268518518
0.8400051309004858
-0.002306336360232571
-0.15113283798942773
-0.6308629797696856
-0.13842409159506136
0.5933484357138552
0.049785144471140214
0.12081333971178909
-0.021518905972589954
0.23389110173941635
0.7905809835492845
0.7809020187718788
0.8599047751492088
0.8705835060520877
0.7844243278137665
0.8421391261379328
0.26497363638924
0.8989981379788471
0.907707267041899
0.8456860465015467
-0.5404694427326484
-1.2227487777777784
-1.587575361111111
-0.36722499432925765
-0.7877953359788359
-0.4105668752816383
0.4754865210535496
0.607348393064511
0.27782610718844486
0.6271812789987787
0.2272822461065436
1.09103956569241
1.038757453642165
0.713933891921184
1.0725905042639463
0.7774053080207495
0.7339191228996629
0.83242959679518
1.188232939778468
0.9917437081610714
0.5665719905462508
0.7895954375320704
-0.5850862676767676
0.31567667988773046
0.6683906131772965
0.7344317484427121
0.5655987758403979
0.45721126614081803
0.16930781140547552
0.6338082703217839
0.6863112186512321
0.7207755725570728
0.6495043556617721
0.9358339365079371
1.0301415003700012
-0.2440716040844446
0.7221454801771036
-1.1740657777777792
-0.23622008043709078
0.5702914688815737
0.952880243589744
0.8103353604424746
1.1694653341831796
1.0145787926136376
0.039823133780979375
0.7383725569124355
1.3871966666666673
1.37034496969697
0.913941076991217
-0.16998578077134469
-0.6663232866479925
-1.6090317857142866
-1.7119857777777796
-0.30020655555555525
0.9892572777777783
0.7443488935745332
-0.7434685514017576
-2.247386666666667
-1.7148466666666677
-0.5331594619269621
-0.502900530303031
-0.7127064702769997
-0.35290000000000016
-0.667278961406785
-0.2047681984126987
0.48951337235150416
0.11920050084175077
0.47123059365797576
0.43758626326856226
0.4972975588582657
0.6556684794692016
0.5797997387956302
0.668166663492064
1.0711929383753502
0.9933625833333342
0.9030361857278539
1.4593115000000014
1.505389000000001
1.1536054031974967
0.004737282608695669
0.11755804921004916
0.00039785353535353693
-1.2927664920634923
-1.4334978571428583
-2.681436666666667
-2.6950966666666667
-0.7973114746821806
0.4503733433550073
0.626116065255732
0.6076556923237586
0.6649458940967196
0.6603159408369412
0.689832082674224
0.777613573918457
0.8804080913629468
1.0240546706349207
0.6890631997886876
0.07672921178168243
-0.1913878907919779
-1.2445804365079367
-1.4693716666666687
-1.5985400000000012
-1.8520277777777774
-1.0521875000000003
-1.0539950138888892
-0.7228196666666659
-1.7620578333333343
-0.9025941067538135
-0.10984266666666656
0.2581068551587303
0.7577595649219206
0.26105702380952367
0.1698235133779265
0.10756299999999994
-0.15176333333333336
-0.3347366851851853
0.06247005604118102
0.3232244626068374
0.3412085819060164
0.5356015769592751
0.14384082362082362
-0.5710856803751803
0.5432437058692776
0.7231419043501083
1.1319616468519407
1.1931590769230769
1.3272504166666665
1.4564038888888904
1.469965416666668
1.4319704166666662
1.422520997474748
1.3454775530303027
1.35493633080808
1.2706628927738919
1.5389366666666684
1.281033293771043
1.471748194444446
1.4740286666666682
1.5394648611111144
1.2709725026395173
1.7595704166666681
1.8054233333333347
1.8496866666666676
1.2615840356310335
1.5860840000000003
1.3989941109453596
1.4150787063492056
1.3533810711233187
1.4306932764550244
1.4636437500000004
1.484230416666668
1.5804854166666684
1.2985891322043959
1.714576666666669
1.113501225584578
0.9812049155969051
-0.15925071268237942
-1.6678666666666684
-2.5618016666666685
-1.8912833333333336
-2.783639999999998
0.5208617272347538
0.6530895756056813
0.8780085624147103
0.21473569047619065
0.6155390613016254
0.7845170913078828
0.4044670018315015
0.8442396552249029
-0.06344061111111109
0.2034309442918195
-0.12381914102564111
0.16173061360398855
0.3400642550505048
-0.40713824513168
-0.7333785684380032
0.011187807539682541
0.782924277777778
0.9736614365079368
0.1009650054544773
0.37590041678446756
0.29430632328999967
0.8961794684204686
0.9661763237848606
1.0167838526041144
1.1230594484126981
0.29495584721917634
1.0997458531746034
1.349178203470277
1.1859429808675976
1.1702240040231389
0.7995232995866224
0.8181013834057915
0.8507693435863518
0.9034830087908432
0.9656370304576669
0.91429358688591
1.093762986700385
1.1246595455876314
1.158398797443297
1.089873222740733
0.28211796551754453
0.8133970931650997
0.9544875098617727
-1.6608100000000021
-1.7108507500000012
-1.1446771428571427
-0.5022371946125771
-1.0275760942760945
0.23463624056619742
0.19221000227006102
0.08125969882018565
0.7217193133214509
0.9326909070466574
0.9656655559598674
1.2700933928571418
1.1714345851370853
1.029921808120745
0.354443428780351
0.3327032601010099
-1.059873699233716
-1.9523216666666672
-2.418813333333336
-1.8752233333333346
0.13282552020202015
-1.8023928571428594
-1.9292928333333323
-0.7327214102564106
-0.7437459035789923
-1.1763261111111116
-2.6326783333333394
-1.859696666666667
-0.8746889999999996
-0.7367739215686273
-0.04543894444444444
-0.022442712121212124
-0.4314415088702143
-0.6395203835978837
-0.8774806666666662
-0.04917244276094275
0.43896509124231947
0.7863021004052799
0.8809698368015696
0.8076146366692943
0.8846791631633704
0.8444204702527827
0.8740471460232243
0.15178453961588514
0.29627446195199125
-0.42605173721340384
0.2400818891186121
0.2694902331348275
0.2623571786506713
0.3447173613365669
0.8892317002595106
0.8724674796091004
0.27010302227371447
0.8723126666375058
0.7950523395986435
0.8078713706311497
0.09151725767508476
0.18882515423686655
0.14252469928219919
0.11064591044817637
0.1324682195051324
-1.2594833333333348
-0.9084697222222231
-1.8143277777777789
-2.501120000000003
-1.3191200793650812
-0.8900161993464059
-0.7994006666666666
-2.569620000000003
-0.48417388888888857
-1.1873033333333334
-2.393993333333336
-0.26663833333333337
-0.03618777777777778
-0.25520222222222233
-0.2522691111111112
-1.1184093518518525
-1.0399870000000004
0.10846611111111117
-1.1057333670033664
-1.2955183333333335
-2.4215300000000024
-1.5232475000000023
-1.8426222619047625
-0.6876877777777785
-2.7633266666666674
-0.7850804030501096
-1.6585408333333358
-1.7402652619047634
0.03171702020202018
0.8237799365595433
1.089690282565173
1.008861224910822
0.9845696496980401
0.7378279232461313
-0.48394125925925957
-1.1156035555555563
-0.5963517116880946
0.24173947907647914
0.649143582399083
0.4070456770011026
-1.1639116666666667
-0.4982134513819517
0.5057174414016604
0.6362616865079374
1.062919717902468
0.9490137110843279
0.9507570894427478
1.0610730326607747
0.8251069195319762
1.03755881745438
0.9968787071393659
0.8579037207531924
0.8253283357778327
0.994376107125594
-0.6803801449275363
-0.38983402380952387
0.23122512447131408
0.9566160070618327
0.16760083697418976
-0.6135030714285714
-2.771471666666668
-0.8402469561636621
0.4011127289562288
-1.013640671945702
0.7437181174140017
0.7809881598743496
0.57018138171408
-0.20119408030616726
-0.18429031746031735
-0.19957639249639228
-1.0967600381263622
0.023886386243386248
0.6752031593227045
0.7981157708355585
0.6259661805092744
0.7668527777777782
0.6690606661738773
1.0538605018674139
0.2711031585497835
-0.6657547919389977
-0.22784166666666658
-1.330762301587302
-2.0954500000000005
-2.2445533333333345
-0.28820511904761903
-1.9304125396825396
-0.21020895238095233
0.6079353349643117
0.9153032232634459
0.8655309255682202
0.3231451022207638
0.625565863395864
-0.289422577200577
0.6082642692358732
0.76315766515172
0.3017216530830279
-1.4675280000000013
-0.2958915852665854
0.20068483208639196
0.028440933510933533
-2.6812216666666697
-0.5992760893550895
-1.815578944444446
-0.2974351507690898
0.6488511675824177
1.1479837521275018
0.9710034467534056
0.7141965219494701
-1.684260166666667
-0.4298032496342015
0.4636948666258908
-0.051997810639070434
-2.3994750000000016
-0.08285563299324997
-0.310592861556744
-1.1685390740740746
0.1721956199171199
0.1364889788846419
-1.644844333333337
-1.6028766666666694
-2.67847
-2.5120233333333344
-0.7149105772005785
-1.0607533333333345
-0.5123161538461539
-0.5435500000000001
-0.745739166666667
-0.8430962418300654
-0.6635098529411771
-0.28982050000000004
-0.7538805409753648
0.23352577065527072
0.05727017521367518
0.5383969078644663
0.4397868076923073
0.13108097863247867
-0.5818677391845631
0.17707370085470092
-0.5335734945054948
-1.7023186904761916
-0.3723985073260072
-0.6620318948344686
-0.6824454391235125
-0.11822807882468409
-0.9206179166666667
-0.4077533333333333
0.10508652564102566
0.6997301238095246
0.8236127036101771
0.8329680906636696
0.8818295418830155
0.9101136900846977
0.1753530098814228
-0.21116730769230774
-0.07425558547008544
-0.5753484198927433
-0.5476268520553521
-0.03018391696435657
0.11341281779331773
-0.059866456985043885
-0.316968376068376
-0.15451473193473192
-1.8278916666666674
-2.659095000000002
-2.646545000000002
-2.640988333333336
-2.6128550000000046
